# This is color file for PTC (TIFF)
# value red green blue
0 255 255 255
1 255 255 255
2 255 255 255
3 255 255 255
4 255 255 255
5 255 255 255
6 255 255 255
7 255 255 255
8 255 255 255
9 255 255 255
10 255 255 255
11 255 255 255
12 255 255 255
13 255 255 255
14 255 255 255
15 255 255 255
16 255 255 255
17 255 255 255
18 255 255 255
19 255 255 255
20 255 255 255
21 211 255 190
22 211 255 190
23 211 255 190
24 211 255 190
25 211 255 190
26 211 255 190
27 211 255 190
28 211 255 190
29 211 255 190
30 211 255 190
31 211 255 190
32 211 255 190
33 211 255 190
34 211 255 190
35 211 255 190
36 211 255 190
37 211 255 190
38 211 255 190
39 211 255 190
40 211 255 190
41 76 230 0
42 76 230 0
43 76 230 0
44 76 230 0
45 76 230 0
46 76 230 0
47 76 230 0
48 76 230 0
49 76 230 0
50 76 230 0
51 76 230 0
52 76 230 0
53 76 230 0
54 76 230 0
55 76 230 0
56 76 230 0
57 76 230 0
58 76 230 0
59 76 230 0
60 76 230 0
61 56 168 0
62 56 168 0
63 56 168 0
64 56 168 0
65 56 168 0
66 56 168 0
67 56 168 0
68 56 168 0
69 56 168 0
70 56 168 0
71 56 168 0
72 56 168 0
73 56 168 0
74 56 168 0
75 56 168 0
76 56 168 0
77 56 168 0
78 56 168 0
79 56 168 0
80 56 168 0
81 38 115 0
82 38 115 0
83 38 115 0
84 38 115 0
85 38 115 0
86 38 115 0
87 38 115 0
88 38 115 0
89 38 115 0
90 38 115 0
91 38 115 0
92 38 115 0
93 38 115 0
94 38 115 0
95 38 115 0
96 38 115 0
97 38 115 0
98 38 115 0
99 38 115 0
100 38 115 0
254 90 220 220 (Water Body)

